 -4.8743710E-05   1.539703      0.3110056      0.6371428      0.3110056    
 -4.8451249E-05   1.543029      0.3110056      0.6290455      0.3110056    
 -4.8158785E-05   1.546289      0.3110056      0.6209881      0.3110056    
 -4.7866324E-05   1.549484      0.3110056      0.6129735      0.3110056    
 -4.7573860E-05   1.552613      0.3110056      0.6050048      0.3110056    
 -4.7281399E-05   1.555675      0.3110056      0.5970855      0.3110056    
 -4.6988938E-05   1.558672      0.3110056      0.5892189      0.3110056    
 -4.6696474E-05   1.561602      0.3110056      0.5814087      0.3110056    
 -4.6404013E-05   1.564466      0.3110056      0.5736586      0.3110056    
 -4.6111549E-05   1.567262      0.3110056      0.5659726      0.3110056    
 -4.5819088E-05   1.569993      0.3110056      0.5583547      0.3110056    
 -4.5526624E-05   1.572656      0.3110056      0.5508091      0.3110056    
 -4.5234163E-05   1.575252      0.3110056      0.5433403      0.3110056    
 -4.4941702E-05   1.577780      0.3110056      0.5359527      0.3110056    
 -4.4649238E-05   1.580242      0.3110056      0.5286514      0.3110056    
 -4.4356777E-05   1.582636      0.3110056      0.5214412      0.3110056    
 -4.4064313E-05   1.584962      0.3110056      0.5143272      0.3110056    
 -4.3771852E-05   1.587220      0.3110056      0.5073149      0.3110056    
 -4.3479391E-05   1.589411      0.3110056      0.5004098      0.3110056    
 -4.3186927E-05   1.591533      0.3110056      0.4936177      0.3110056    
 -4.2894466E-05   1.593588      0.3110056      0.4869447      0.3110056    
 -4.2602001E-05   1.595574      0.3110056      0.4803968      0.3110056    
 -4.2309541E-05   1.597492      0.3110056      0.4739805      0.3110056    
 -4.2017080E-05   1.599341      0.3110056      0.4677024      0.3110056    
 -4.1724616E-05   1.601122      0.3110056      0.4615693      0.3110056    
 -4.1432155E-05   1.602834      0.3110056      0.4555882      0.3110056    
 -4.1139690E-05   1.604477      0.3110056      0.4497662      0.3110056    
 -4.0847230E-05   1.606052      0.3110056      0.4441108      0.3110056    
 -4.0554765E-05   1.607557      0.3110056      0.4386294      0.3110056    
 -4.0262305E-05   1.608994      0.3110056      0.4333296      0.3110056    
 -3.9969844E-05   1.610362      0.3110056      0.4282192      0.3110056    
 -3.9677379E-05   1.611660      0.3110056      0.4233059      0.3110056    
 -3.9384919E-05   1.612890      0.3110056      0.4185976      0.3110056    
 -3.9092454E-05   1.614050      0.3110056      0.4141021      0.3110056    
 -3.8799993E-05   1.615140      0.3110056      0.4098274      0.3110056    
 -3.8507533E-05   1.616162      0.3110056      0.4057811      0.3110056    
 -3.8215068E-05   1.617113      0.3110056      0.4019709      0.3110056    
 -3.7922608E-05   1.617996      0.3110056      0.3984042      0.3110056    
 -3.7630143E-05   1.618809      0.3110056      0.3950885      0.3110056    
 -3.7337682E-05   1.619552      0.3110056      0.3920305      0.3110056    
 -3.7045218E-05   1.620226      0.3110056      0.3892370      0.3110056    
 -3.6752757E-05   1.620830      0.3110056      0.3867141      0.3110056    
 -3.6460297E-05   1.621364      0.3110056      0.3844678      0.3110056    
 -3.6167832E-05   1.621829      0.3110056      0.3825032      0.3110056    
 -3.5875371E-05   1.622223      0.3110056      0.3808251      0.3110056    
 -3.5582907E-05   1.622548      0.3110056      0.3794376      0.3110056    
 -3.5290446E-05   1.622804      0.3110056      0.3783441      0.3110056    
 -3.4997985E-05   1.622989      0.3110056      0.3775474      0.3110056    
 -3.4705521E-05   1.623105      0.3110056      0.3770496      0.3110056    
 -3.4413060E-05   1.623151      0.3110056      0.3768519      0.3110056    
 -3.4120596E-05   1.623127      0.3110056      0.3769547      0.3110056    
 -3.3828135E-05   1.623033      0.3110056      0.3773580      0.3110056    
 -3.3535671E-05   1.622870      0.3110056      0.3780605      0.3110056    
 -3.3243210E-05   1.622637      0.3110056      0.3790605      0.3110056    
 -3.2950749E-05   1.622334      0.3110056      0.3803556      0.3110056    
 -3.2658285E-05   1.621961      0.3110056      0.3819424      0.3110056    
 -3.2365824E-05   1.621518      0.3110056      0.3838170      0.3110056    
 -3.2073360E-05   1.621006      0.3110056      0.3859750      0.3110056    
 -3.1780899E-05   1.620424      0.3110056      0.3884111      0.3110056    
 -3.1488438E-05   1.619772      0.3110056      0.3911199      0.3110056    
 -3.1195974E-05   1.619051      0.3110056      0.3940951      0.3110056    
 -3.0903513E-05   1.618260      0.3110056      0.3973302      0.3110056    
 -3.0611049E-05   1.617399      0.3110056      0.4008184      0.3110056    
 -3.0318588E-05   1.616470      0.3110056      0.4045525      0.3110056    
 -3.0026125E-05   1.615470      0.3110056      0.4085252      0.3110056    
 -2.9733663E-05   1.614401      0.3110056      0.4127286      0.3110056    
 -2.9441200E-05   1.613263      0.3110056      0.4171553      0.3110056    
 -2.9148739E-05   1.612056      0.3110056      0.4217972      0.3110056    
 -2.8856277E-05   1.610779      0.3110056      0.4266467      0.3110056    
 -2.8563814E-05   1.609433      0.3110056      0.4316958      0.3110056    
 -2.8271352E-05   1.608018      0.3110056      0.4369366      0.3110056    
 -2.7978889E-05   1.606534      0.3110056      0.4423616      0.3110056    
 -2.7686427E-05   1.604982      0.3110056      0.4479629      0.3110056    
 -2.7393966E-05   1.603360      0.3110056      0.4537331      0.3110056    
 -2.7101503E-05   1.601669      0.3110056      0.4596647      0.3110056    
 -2.6809041E-05   1.599910      0.3110056      0.4657506      0.3110056    
 -2.6516578E-05   1.598083      0.3110056      0.4719836      0.3110056    
 -2.6224116E-05   1.596186      0.3110056      0.4783570      0.3110056    
 -2.5931653E-05   1.594222      0.3110056      0.4848641      0.3110056    
 -2.5639192E-05   1.592189      0.3110056      0.4914984      0.3110056    
 -2.5346730E-05   1.590088      0.3110056      0.4982535      0.3110056    
 -2.5054267E-05   1.587919      0.3110056      0.5051236      0.3110056    
 -2.4761805E-05   1.585682      0.3110056      0.5121027      0.3110056    
 -2.4469342E-05   1.583377      0.3110056      0.5191851      0.3110056    
 -2.4176879E-05   1.581005      0.3110056      0.5263655      0.3110056    
 -2.3884419E-05   1.578565      0.3110056      0.5336387      0.3110056    
 -2.3591956E-05   1.576057      0.3110056      0.5409995      0.3110056    
 -2.3299493E-05   1.573482      0.3110056      0.5484431      0.3110056    
 -2.3007031E-05   1.570840      0.3110056      0.5559650      0.3110056    
 -2.2714568E-05   1.568131      0.3110056      0.5635605      0.3110056    
 -2.2422108E-05   1.565356      0.3110056      0.5712256      0.3110056    
 -2.2129645E-05   1.562513      0.3110056      0.5789558      0.3110056    
 -2.1837182E-05   1.559604      0.3110056      0.5867475      0.3110056    
 -2.1544720E-05   1.556628      0.3110056      0.5945966      0.3110056    
 -2.1252257E-05   1.553586      0.3110056      0.6024997      0.3110056    
 -2.0959795E-05   1.550478      0.3110056      0.6104531      0.3110056    
 -2.0667334E-05   1.547305      0.3110056      0.6184536      0.3110056    
 -2.0374871E-05   1.544065      0.3110056      0.6264979      0.3110056    
 -2.0082409E-05   1.540760      0.3110056      0.6345829      0.3110056    
 -1.9789946E-05   1.537389      0.3110056      0.6427056      0.3110056    
 -1.9497484E-05   1.533954      0.3110056      0.6508632      0.3110056    
 -1.9205021E-05   1.530453      0.3110056      0.6590528      0.3110056    
 -1.8912560E-05   1.526887      0.3110056      0.6672720      0.3110056    
 -1.8620098E-05   1.523257      0.3110056      0.6755180      0.3110056    
 -1.8327635E-05   1.519562      0.3110056      0.6837886      0.3110056    
 -1.8035173E-05   1.515803      0.3110056      0.6920812      0.3110056    
 -1.7742710E-05   1.511981      0.3110056      0.7003937      0.3110056    
 -1.7450247E-05   1.508094      0.3110056      0.7087239      0.3110056    
 -1.7157787E-05   1.504143      0.3110056      0.7170697      0.3110056    
 -1.6865324E-05   1.500130      0.3110056      0.7254290      0.3110056    
 -1.6572862E-05   1.496053      0.3110056      0.7337999      0.3110056    
 -1.6280399E-05   1.491913      0.3110056      0.7421804      0.3110056    
 -1.5987936E-05   1.487711      0.3110056      0.7505689      0.3110056    
 -1.5695474E-05   1.483446      0.3110056      0.7589634      0.3110056    
 -1.5403013E-05   1.479118      0.3110056      0.7673624      0.3110056    
 -1.5110551E-05   1.474729      0.3110056      0.7757641      0.3110056    
 -1.4818088E-05   1.470278      0.3110056      0.7841670      0.3110056    
 -1.4525625E-05   1.465766      0.3110056      0.7925695      0.3110056    
 -1.4233164E-05   1.461192      0.3110056      0.8009701      0.3110056    
 -1.3940701E-05   1.456558      0.3110056      0.8093675      0.3110056    
 -1.3648239E-05   1.451863      0.3110056      0.8177602      0.3110056    
 -1.3355777E-05   1.447107      0.3110056      0.8261467      0.3110056    
 -1.3063314E-05   1.442291      0.3110056      0.8345259      0.3110056    
 -1.2770852E-05   1.437415      0.3110056      0.8428964      0.3110056    
 -1.2478390E-05   1.432480      0.3110056      0.8512570      0.3110056    
 -1.2185928E-05   1.427485      0.3110056      0.8596065      0.3110056    
 -1.1893465E-05   1.422431      0.3110056      0.8679437      0.3110056    
 -1.1601003E-05   1.417319      0.3110056      0.8762674      0.3110056    
 -1.1308541E-05   1.412148      0.3110056      0.8845766      0.3110056    
 -1.1016078E-05   1.406918      0.3110056      0.8928702      0.3110056    
 -1.0723616E-05   1.401631      0.3110056      0.9011471      0.3110056    
 -1.0431154E-05   1.396287      0.3110056      0.9094062      0.3110056    
 -1.0138691E-05   1.390885      0.3110056      0.9176466      0.3110056    
 -9.8462297E-06   1.385426      0.3110056      0.9258674      0.3110056    
 -9.5537671E-06   1.379911      0.3110056      0.9340674      0.3110056    
 -9.2613045E-06   1.374340      0.3110056      0.9422459      0.3110056    
 -8.9688428E-06   1.368712      0.3110056      0.9504018      0.3110056    
 -8.6763803E-06   1.363029      0.3110056      0.9585344      0.3110056    
 -8.3839177E-06   1.357291      0.3110056      0.9666427      0.3110056    
 -8.0914560E-06   1.351498      0.3110056      0.9747260      0.3110056    
 -7.7989935E-06   1.345650      0.3110056      0.9827833      0.3110056    
 -7.5065313E-06   1.339748      0.3110056      0.9908138      0.3110056    
 -7.2140692E-06   1.333792      0.3110056      0.9988167      0.3110056    
 -6.9216067E-06   1.327783      0.3110056       1.006791      0.3110056    
 -6.6291445E-06   1.321721      0.3110056       1.014737      0.3110056    
 -6.3366824E-06   1.315606      0.3110056       1.022653      0.3110056    
 -6.0442198E-06   1.309438      0.3110056       1.030538      0.3110056    
 -5.7517577E-06   1.303219      0.3110056       1.038391      0.3110056    
 -5.4592956E-06   1.296948      0.3110056       1.046213      0.3110056    
 -5.1668335E-06   1.290626      0.3110056       1.054002      0.3110056    
 -4.8743709E-06   1.284253      0.3110056       1.061758      0.3110056    
 -4.5819088E-06   1.277830      0.3110056       1.069480      0.3110056    
 -4.2894467E-06   1.271357      0.3110056       1.077166      0.3110056    
 -3.9969841E-06   1.264835      0.3110056       1.084818      0.3110056    
 -3.7045220E-06   1.258263      0.3110056       1.092434      0.3110056    
 -3.4120596E-06   1.251642      0.3110056       1.100013      0.3110056    
 -3.1195975E-06   1.244974      0.3110056       1.107554      0.3110056    
 -2.8271352E-06   1.238258      0.3110056       1.115058      0.3110056    
 -2.5346728E-06   1.231494      0.3110056       1.122524      0.3110056    
 -2.2422107E-06   1.224683      0.3110056       1.129950      0.3110056    
 -1.9497484E-06   1.217826      0.3110056       1.137337      0.3110056    
 -1.6572861E-06   1.210923      0.3110056       1.144684      0.3110056    
 -1.3648239E-06   1.203975      0.3110056       1.151990      0.3110056    
 -1.0723617E-06   1.196982      0.3110056       1.159255      0.3110056    
 -7.7989938E-07   1.189944      0.3110056       1.166478      0.3110056    
 -4.8743709E-07   1.182862      0.3110056       1.173658      0.3110056    
 -1.9497485E-07   1.175737      0.3110056       1.180796      0.3110056    
  9.7487423E-08   1.171598      0.3111743      0.2672989      7.0994109E-02
  3.8994969E-07   1.173088      0.3115702      0.1748425      4.6437852E-02
  6.8241195E-07   1.173955      0.3118005      8.2293130E-02  2.1856908E-02
  9.7487418E-07   1.174198      0.3118649      1.0299987E-02  2.7356585E-03
  1.2673364E-06   1.173816      0.3117636      0.1028876      2.7326768E-02
  1.5597988E-06   1.172811      0.3114964      0.1954205      5.1903348E-02
  1.8522610E-06   1.171181      0.3110637      0.2878496      7.6452337E-02
  2.1447233E-06   1.168929      0.3104656      0.3801256      0.1009607    
  2.4371855E-06   1.166056      0.3097024      0.4721994      0.1254153    
  2.7296478E-06   1.162563      0.3087746      0.5640222      0.1498033    
  3.0221099E-06   1.158451      0.3076825      0.6555452      0.1741116    
  3.3145723E-06   1.153724      0.3064269      0.7467195      0.1983274    
  3.6070346E-06   1.148383      0.3050084      0.8374969      0.2224377    
  3.8994967E-06   1.142431      0.3034277      0.9278290      0.2464297    
  4.1919589E-06   1.135872      0.3016857       1.017668      0.2702908    
  4.4844214E-06   1.128709      0.2997832       1.106965      0.2940081    
  4.7768835E-06   1.120947      0.2977214       1.195675      0.3175690    
  5.0693457E-06   1.112588      0.2955013       1.283748      0.3409612    
  5.3618082E-06   1.103637      0.2931241       1.371139      0.3641720    
  5.6542704E-06   1.094100      0.2905910       1.457801      0.3871893    
  5.9467325E-06   1.083981      0.2879034       1.543687      0.4100007    
  6.2391950E-06   1.073286      0.2850628       1.628753      0.4325940    
  6.5316572E-06   1.062020      0.2820705       1.712953      0.4549574    
  6.8241193E-06   1.050189      0.2789283       1.796243      0.4770789    
  7.1165819E-06   1.037800      0.2756378       1.878577      0.4989467    
  7.4090440E-06   1.024859      0.2722008       1.959912      0.5205492    
  7.7015065E-06   1.011374      0.2686190       2.040206      0.5418751    
  7.9939682E-06  0.9973502      0.2648944       2.119414      0.5629127    
  8.2864308E-06  0.9827964      0.2610290       2.197496      0.5836511    
  8.5788934E-06  0.9677202      0.2570248       2.274410      0.6040791    
  8.8713550E-06  0.9521295      0.2528839       2.350114      0.6241860    
  9.1638176E-06  0.9360325      0.2486086       2.424568      0.6439610    
  9.4562802E-06  0.9194378      0.2442011       2.497734      0.6633936    
  9.7487418E-06  0.9023544      0.2396637       2.569571      0.6824735    
  1.0041204E-05  0.8847911      0.2349989       2.640043      0.7011906    
  1.0333667E-05  0.8667573      0.2302092       2.709110      0.7195348    
  1.0626129E-05  0.8482628      0.2252971       2.776737      0.7374965    
  1.0918591E-05  0.8293173      0.2202652       2.842888      0.7550660    
  1.1211054E-05  0.8099307      0.2151162       2.907527      0.7722341    
  1.1503515E-05  0.7901136      0.2098528       2.970621      0.7889916    
  1.1795978E-05  0.7698764      0.2044778       3.032135      0.8053297    
  1.2088440E-05  0.7492299      0.1989941       3.092037      0.8212395    
  1.2380902E-05  0.7281850      0.1934046       3.150295      0.8367127    
  1.2673365E-05  0.7067529      0.1877123       3.206877      0.8517410    
  1.2965826E-05  0.6849451      0.1819202       3.261755      0.8663164    
  1.3258289E-05  0.6627731      0.1760314       3.314899      0.8804313    
  1.3550752E-05  0.6402487      0.1700489       3.366280      0.8940781    
  1.3843213E-05  0.6173839      0.1639761       3.415872      0.9072495    
  1.4135676E-05  0.5941908      0.1578160       3.463647      0.9199384    
  1.4428138E-05  0.5706818      0.1515721       3.509580      0.9321383    
  1.4720600E-05  0.5468695      0.1452475       3.553648      0.9438426    
  1.5013063E-05  0.5227663      0.1388458       3.595826      0.9550450    
  1.5305524E-05  0.4983852      0.1323702       3.636093      0.9657397    
  1.5597987E-05  0.4737391      0.1258243       3.674426      0.9759210    
  1.5890450E-05  0.4488411      0.1192114       3.710805      0.9855832    
  1.6182912E-05  0.4237044      0.1125351       3.745212      0.9947216    
  1.6475375E-05  0.3983425      0.1057991       3.777627       1.003331    
  1.6767835E-05  0.3727689      9.9006750E-02   3.808033       1.011407    
  1.7060298E-05  0.3469970      9.2161782E-02   3.836416       1.018945    
  1.7352761E-05  0.3210406      8.5267812E-02   3.862758       1.025942    
  1.7645223E-05  0.2949135      7.8328513E-02   3.887046       1.032393    
  1.7937686E-05  0.2686296      7.1347557E-02   3.909268       1.038295    
  1.8230148E-05  0.2422030      6.4328678E-02   3.929411       1.043645    
  1.8522609E-05  0.2156475      5.7275590E-02   3.947466       1.048440    
  1.8815072E-05  0.1889773      5.0192051E-02   3.963421       1.052678    
  1.9107534E-05  0.1622067      4.3081824E-02   3.977269       1.056356    
  1.9399997E-05  0.1353499      3.5948690E-02   3.989002       1.059472    
  1.9692459E-05  0.1084211      2.8796446E-02   3.998615       1.062025    
  1.9984922E-05  8.1434615E-02  2.1628890E-02   4.006101       1.064013    
  2.0277383E-05  5.4404858E-02  1.4449834E-02   4.011457       1.065436    
  2.0569845E-05  2.7346175E-02  7.2630956E-03   4.014681       1.066292    
  2.0862308E-05  2.7296756E-04  7.2499701E-05   4.015770       1.066581    
  2.1154770E-05  2.6800418E-02  7.1181436E-03   4.014724       1.066304    
  2.1447233E-05  5.3859536E-02  1.4304997E-02   4.011544       1.065459    
  2.1739696E-05  8.0890022E-02  2.1484246E-02   4.006230       1.064048    
  2.2032156E-05  0.1078810      2.8653013E-02   4.001450       1.062778    
  2.2324619E-05  0.1348546      3.5817139E-02   3.999729       1.062321    
  2.2617081E-05  0.1618153      4.2977847E-02   3.997626       1.061762    
  2.2909544E-05  0.1887605      5.0134443E-02   3.995141       1.061102    
  2.3202007E-05  0.2156876      5.7286248E-02   3.992275       1.060341    
  2.3494469E-05  0.2425942      6.4432576E-02   3.989026       1.059478    
  2.3786930E-05  0.2694775      7.1572751E-02   3.985397       1.058514    
  2.4079392E-05  0.2963351      7.8706078E-02   3.981386       1.057449    
  2.4371855E-05  0.3231644      8.5831888E-02   3.976995       1.056283    
  2.4664318E-05  0.3499628      9.2949495E-02   3.972224       1.055016    
  2.4956780E-05  0.3767277      0.1000582       3.967073       1.053648    
  2.5249243E-05  0.4034567      0.1071574       3.961544       1.052179    
  2.5541704E-05  0.4301471      0.1142463       3.955635       1.050610    
  2.5834166E-05  0.4567963      0.1213243       3.949348       1.048940    
  2.6126629E-05  0.4834019      0.1283907       3.942684       1.047170    
  2.6419091E-05  0.5099613      0.1354448       3.935643       1.045300    
  2.6711554E-05  0.5364720      0.1424860       3.928226       1.043330    
  2.7004015E-05  0.5629314      0.1495136       3.920434       1.041260    
  2.7296477E-05  0.5893369      0.1565268       3.912267       1.039091    
  2.7588940E-05  0.6156862      0.1635252       3.903726       1.036823    
  2.7881402E-05  0.6419766      0.1705078       3.894811       1.034455    
  2.8173865E-05  0.6682057      0.1774742       3.885525       1.031989    
  2.8466327E-05  0.6943708      0.1844237       3.875867       1.029423    
  2.8758788E-05  0.7204697      0.1913555       3.865839       1.026760    
  2.9051251E-05  0.7464996      0.1982690       3.855441       1.023998    
  2.9343713E-05  0.7724583      0.2051635       3.844675       1.021139    
  2.9636176E-05  0.7983430      0.2120385       3.833541       1.018182    
  2.9928638E-05  0.8241515      0.2188932       3.822041       1.015127    
  3.0221101E-05  0.8498812      0.2257269       3.810175       1.011976    
  3.0513562E-05  0.8755297      0.2325391       3.797946       1.008728    
  3.0806026E-05  0.9010945      0.2393291       3.785353       1.005383    
  3.1098487E-05  0.9265732      0.2460962       3.772399       1.001942    
  3.1390948E-05  0.9519632      0.2528397       3.759084      0.9984059    
  3.1683412E-05  0.9772624      0.2595592       3.745409      0.9947741    
  3.1975873E-05   1.002468      0.2662538       3.731377      0.9910471    
  3.2268337E-05   1.027578      0.2729229       3.716988      0.9872255    
  3.2560798E-05   1.052590      0.2795660       3.702244      0.9833095    
  3.2853262E-05   1.077501      0.2861823       3.687146      0.9792995    
  3.3145723E-05   1.102309      0.2927713       3.671696      0.9751959    
  3.3438184E-05   1.127012      0.2993323       3.655895      0.9709991    
  3.3730648E-05   1.151607      0.3058647       3.639744      0.9667096    
  3.4023109E-05   1.176092      0.3123679       3.623245      0.9623275    
  3.4315573E-05   1.200464      0.3188412       3.606400      0.9578536    
  3.4608034E-05   1.224722      0.3252840       3.589211      0.9532880    
  3.4900495E-05   1.248863      0.3316958       3.571678      0.9486314    
  3.5192959E-05   1.272884      0.3380758       3.553804      0.9438841    
  3.5485420E-05   1.296784      0.3444235       3.535591      0.9390466    
  3.5777884E-05   1.320560      0.3507383       3.517039      0.9341193    
  3.6070345E-05   1.344209      0.3570196       3.498151      0.9291028    
  3.6362806E-05   1.367730      0.3632668       3.478929      0.9239974    
  3.6655270E-05   1.391121      0.3694793       3.459375      0.9188038    
  3.6947731E-05   1.414378      0.3756564       3.439489      0.9135222    
  3.7240196E-05   1.437501      0.3817976       3.419275      0.9081535    
  3.7532656E-05   1.460485      0.3879023       3.398735      0.9026979    
  3.7825121E-05   1.483331      0.3939700       3.377869      0.8971560    
  3.8117581E-05   1.506034      0.4000000       3.356681      0.8915284    
  3.8410042E-05   1.528594      0.4059918       3.335171      0.8858156    
  3.8702507E-05   1.551007      0.4119448       3.313343      0.8800181    
  3.8994967E-05   1.573272      0.4178584       3.291198      0.8741365    
  3.9287432E-05   1.595387      0.4237320       3.268739      0.8681713    
  3.9579892E-05   1.617350      0.4295652       3.245968      0.8621233    
  3.9872353E-05   1.639158      0.4353573       3.222886      0.8559927    
  4.0164818E-05   1.660809      0.4411078       3.199496      0.8497804    
  4.0457278E-05   1.682301      0.4468161       3.175800      0.8434868    
  4.0749743E-05   1.703633      0.4524818       3.151801      0.8371127    
  4.1042204E-05   1.724801      0.4581042       3.127500      0.8306585    
  4.1334668E-05   1.745805      0.4636828       3.102901      0.8241249    
  4.1627129E-05   1.766642      0.4692171       3.078005      0.8175126    
  4.1919589E-05   1.787310      0.4747065       3.052814      0.8108221    
  4.2212054E-05   1.807808      0.4801506       3.027332      0.8040541    
  4.2504515E-05   1.828133      0.4855487       3.001561      0.7972093    
  4.2796979E-05   1.848282      0.4909005       2.975503      0.7902883    
  4.3089440E-05   1.868255      0.4962054       2.949160      0.7832917    
  4.3381900E-05   1.888050      0.5014628       2.922536      0.7762203    
  4.3674365E-05   1.907664      0.5066723       2.895632      0.7690747    
  4.3966826E-05   1.927096      0.5118334       2.868451      0.7618556    
  4.4259290E-05   1.946344      0.5169455       2.840997      0.7545636    
  4.4551751E-05   1.965406      0.5220082       2.813270      0.7471996    
  4.4844215E-05   1.984279      0.5270211       2.785275      0.7397642    
  4.5136676E-05   2.002964      0.5319836       2.757014      0.7322580    
  4.5429137E-05   2.021456      0.5368952       2.728489      0.7246819    
  4.5721601E-05   2.039756      0.5417555       2.699703      0.7170364    
  4.6014062E-05   2.057860      0.5465640       2.670660      0.7093225    
  4.6306526E-05   2.075768      0.5513204       2.641361      0.7015407    
  4.6598987E-05   2.093478      0.5560240       2.611809      0.6936919    
  4.6891448E-05   2.110987      0.5606744       2.582008      0.6857768    
  4.7183912E-05   2.128295      0.5652713       2.551960      0.6777962    
  4.7476373E-05   2.145399      0.5698141       2.521669      0.6697508    
  4.7768837E-05   2.162297      0.5743024       2.486351      0.6603705    
  4.8061298E-05   2.178485      0.5786018       2.315184      0.6149088    
  4.8353759E-05   2.193514      0.5825935       2.142786      0.5691202    
  4.8646223E-05   2.207377      0.5862755       1.969249      0.5230290    
  4.8938684E-05   2.220067      0.5896457       1.794664      0.4766597    
  4.9231148E-05   2.231575      0.5927025       1.619126      0.4300369    
  4.9523609E-05   2.241898      0.5954441       1.442726      0.3831856    
  4.9816073E-05   2.251029      0.5978692       1.265560      0.3361305    
  5.0108534E-05   2.258962      0.5999764       1.087721      0.2888967    
  5.0400995E-05   2.265695      0.6017645      0.9093029      0.2415092    
  5.0693459E-05   2.271223      0.6032327      0.7304018      0.1939934    
  5.0985920E-05   2.275543      0.6043802      0.5511123      0.1463744    
  5.1278384E-05   2.278654      0.6052064      0.3715298      9.8677650E-02
  5.1570845E-05   2.280553      0.6057107      0.1917497      5.0928388E-02
  5.1863306E-05   2.281239      0.6058931      1.1867734E-02  3.1520491E-03
  5.2155770E-05   2.280713      0.6057532      0.1680206      4.4625964E-02
  5.2448231E-05   2.278974      0.6052914      0.3478195      9.2380248E-02
  5.2740696E-05   2.276023      0.6045076      0.5274336      0.1400854    
  5.3033156E-05   2.271862      0.6034025      0.7067672      0.1877161    
  5.3325621E-05   2.266493      0.6019766      0.8857250      0.2352470    
  5.3618081E-05   2.259919      0.6002306       1.064212      0.2826528    
  5.3910542E-05   2.252144      0.5981655       1.242133      0.3299083    
  5.4203007E-05   2.243171      0.5957823       1.419394      0.3769884    
  5.4495467E-05   2.233006      0.5930823       1.595900      0.4238681    
  5.4787932E-05   2.221653      0.5900670       1.771557      0.4705224    
  5.5080392E-05   2.209119      0.5867380       1.946273      0.5169266    
  5.5372853E-05   2.195410      0.5830970       2.119953      0.5630559    
  5.5665318E-05   2.180534      0.5791461       2.292507      0.6088858    
  5.5957778E-05   2.164499      0.5748872       2.463842      0.6543920    
  5.6250243E-05   2.147313      0.5703226       2.633867      0.6995503    
  5.6542704E-05   2.128986      0.5654548       2.802491      0.7443366    
  5.6835164E-05   2.109526      0.5602863       2.969625      0.7887272    
  5.7127629E-05   2.088945      0.5548200       3.135180      0.8326983    
  5.7420089E-05   2.067253      0.5490587       3.299069      0.8762268    
  5.7712554E-05   2.044462      0.5430054       3.461203      0.9192895    
  5.8005015E-05   2.020584      0.5366634       3.621497      0.9618633    
  5.8297479E-05   1.995631      0.5300361       3.779866       1.003926    
  5.8589940E-05   1.969618      0.5231270       3.936225       1.045454    
  5.8882400E-05   1.942695      0.5159763       4.018778       1.067380    
  5.9174865E-05   1.915506      0.5087551       4.046125       1.074644    
  5.9467326E-05   1.888135      0.5014853       4.073085       1.081804    
  5.9759790E-05   1.860583      0.4941676       4.099656       1.088861    
  6.0052251E-05   1.832853      0.4868026       4.125834       1.095814    
  6.0344712E-05   1.804948      0.4793911       4.151619       1.102663    
  6.0637176E-05   1.776871      0.4719338       4.177007       1.109406    
  6.0929637E-05   1.748624      0.4644313       4.201995       1.116042    
  6.1222097E-05   1.720209      0.4568845       4.226582       1.122573    
  6.1514562E-05   1.691630      0.4492940       4.250765       1.128996    
  6.1807026E-05   1.662890      0.4416606       4.274542       1.135311    
  6.2099483E-05   1.633991      0.4339850       4.297910       1.141517    
  6.2391948E-05   1.604935      0.4262679       4.320867       1.147615    
  6.2684412E-05   1.575726      0.4185100       4.343411       1.153602    
  6.2976877E-05   1.546366      0.4107122       4.365541       1.159480    
  6.3269334E-05   1.516859      0.4028750       4.387253       1.165247    
  6.3561798E-05   1.487206      0.3949994       4.408545       1.170902    
  6.3854262E-05   1.457412      0.3870860       4.429417       1.176445    
  6.4146720E-05   1.427478      0.3791357       4.449865       1.181876    
  6.4439184E-05   1.397408      0.3711491       4.469887       1.187194    
  6.4731648E-05   1.367204      0.3631270       4.489483       1.192399    
  6.5024113E-05   1.336870      0.3550702       4.508649       1.197489    
  6.5316570E-05   1.306407      0.3469795       4.527384       1.202465    
  6.5609034E-05   1.275820      0.3388556       4.545687       1.207326    
  6.5901499E-05   1.245111      0.3306993       4.563555       1.212072    
  6.6193956E-05   1.214283      0.3225115       4.580987       1.216702    
  6.6486420E-05   1.183339      0.3142928       4.597981       1.221216    
  6.6778885E-05   1.152282      0.3060440       4.614536       1.225613    
  6.7071342E-05   1.121114      0.2977660       4.630650       1.229892    
  6.7363806E-05   1.089840      0.2894596       4.646321       1.234055    
  6.7656270E-05   1.058461      0.2811255       4.661548       1.238099    
  6.7948735E-05   1.026981      0.2727644       4.676330       1.242025    
  6.8241192E-05  0.9954035      0.2643774       4.690664       1.245832    
  6.8533656E-05  0.9637303      0.2559651       4.704550       1.249520    
  6.8826121E-05  0.9319651      0.2475283       4.717987       1.253089    
  6.9118578E-05  0.9001108      0.2390678       4.730973       1.256538    
  6.9411042E-05  0.8681704      0.2305845       4.743506       1.259867    
  6.9703507E-05  0.8361471      0.2220792       4.755586       1.263075    
  6.9995971E-05  0.8040439      0.2135526       4.767212       1.266163    
  7.0288428E-05  0.7718638      0.2050057       4.778382       1.269130    
  7.0580892E-05  0.7396100      0.1964391       4.789095       1.271975    
  7.0873357E-05  0.7072854      0.1878538       4.799351       1.274699    
  7.1165814E-05  0.6748933      0.1792505       4.809147       1.277301    
  7.1458278E-05  0.6424366      0.1706300       4.818484       1.279781    
  7.1750743E-05  0.6099186      0.1619933       4.827361       1.282139    
  7.2043207E-05  0.5773422      0.1533411       4.835776       1.284374    
  7.2335664E-05  0.5447107      0.1446742       4.843729       1.286486    
  7.2628129E-05  0.5120271      0.1359935       4.851220       1.288475    
  7.2920593E-05  0.4792946      0.1272998       4.858246       1.290341    
  7.3213050E-05  0.4465162      0.1185939       4.864808       1.292084    
  7.3505515E-05  0.4136952      0.1098767       4.870905       1.293704    
  7.3797979E-05  0.3808347      0.1011490       4.876537       1.295200    
  7.4090436E-05  0.3479377      9.2411645E-02   4.881702       1.296571    
  7.4382900E-05  0.3150075      8.3665438E-02   4.886401       1.297819    
  7.4675365E-05  0.2820472      7.4911237E-02   4.890633       1.298944    
  7.4967829E-05  0.2490599      6.6149876E-02   4.894398       1.299943    
  7.5260286E-05  0.2160489      5.7382192E-02   4.897694       1.300819    
  7.5552751E-05  0.1830171      4.8609022E-02   4.900523       1.301570    
  7.5845215E-05  0.1499679      3.9831210E-02   4.902883       1.302197    
  7.6137672E-05  0.1169043      3.1049589E-02   4.904775       1.302699    
  7.6430137E-05  8.3829626E-02  2.2265000E-02   4.906197       1.303077    
  7.6722601E-05  5.0746888E-02  1.3478283E-02   4.907151       1.303331    
  7.7015065E-05  1.7659299E-02  4.6902783E-03   4.907636       1.303459    
  7.7307523E-05  1.5429977E-02  4.0981746E-03   4.907652       1.303464    
  7.7599987E-05  4.8517779E-02  1.2886235E-02   4.907198       1.303343    
  7.7892451E-05  8.1600942E-02  2.1673065E-02   4.906276       1.303098    
  7.8184908E-05  0.1146763      3.0457824E-02   4.904885       1.302729    
  7.8477373E-05  0.1477407      3.9239671E-02   4.903025       1.302235    
  7.8769837E-05  0.1807910      4.8017766E-02   4.900696       1.301616    
  7.9062294E-05  0.2138240      5.6791276E-02   4.897900       1.300873    
  7.9354759E-05  0.2468366      6.5559357E-02   4.894634       1.300006    
  7.9647223E-05  0.2798255      7.4321166E-02   4.890902       1.299015    
  7.9939688E-05  0.3127878      8.3075881E-02   4.886701       1.297899    
  8.0232145E-05  0.3457201      9.1822647E-02   4.882033       1.296659    
  8.0524609E-05  0.3786194      0.1005606       4.876899       1.295296    
  8.0817073E-05  0.4114825      0.1092890       4.871299       1.293808    
  8.1109531E-05  0.4443063      0.1180070       4.865233       1.292197    
  8.1401995E-05  0.4770876      0.1267136       4.858703       1.290463    
  8.1694459E-05  0.5098233      0.1354082       4.851707       1.288605    
  8.1986924E-05  0.5425103      0.1440898       4.844249       1.286624    
  8.2279381E-05  0.5751454      0.1527576       4.836327       1.284520    
  8.2571845E-05  0.6077256      0.1614108       4.827943       1.282293    
  8.2864310E-05  0.6402476      0.1700486       4.819097       1.279944    
  8.3156767E-05  0.6727086      0.1786702       4.809791       1.277472    
  8.3449231E-05  0.7051051      0.1872747       4.800025       1.274878    
  8.3741696E-05  0.7374343      0.1958613       4.789800       1.272162    
  8.4034160E-05  0.7696931      0.2044291       4.779118       1.269325    
  8.4326617E-05  0.8018782      0.2129774       4.767979       1.266367    
  8.4619081E-05  0.8339794      0.2215035       4.745589       1.260420    
  8.4911546E-05  0.8657513      0.2299420       4.678565       1.242619    
  8.5204003E-05  0.8970628      0.2382583       4.609053       1.224156    
  8.5496467E-05  0.9278974      0.2464479       4.537091       1.205043    
  8.5788932E-05  0.9582386      0.2545065       4.462716       1.185289    
  8.6081389E-05  0.9880704      0.2624297       4.385968       1.164905    
  8.6373853E-05   1.017377      0.2702135       4.306889       1.143902    
  8.6666318E-05   1.046142      0.2778535       4.225520       1.122290    
  8.6958782E-05   1.074352      0.2853459       4.141904       1.100082    
  8.7251239E-05   1.101990      0.2926865       4.056086       1.077289    
  8.7543704E-05   1.129042      0.2998715       3.968111       1.053923    
  8.7836168E-05   1.155493      0.3068970       3.878026       1.029997    
  8.8128625E-05   1.181331      0.3137594       3.785880       1.005523    
  8.8421089E-05   1.206540      0.3204550       3.691721      0.9805145    
  8.8713554E-05   1.231108      0.3269802       3.595598      0.9549846    
  8.9006018E-05   1.255022      0.3333315       3.497565      0.9289470    
  8.9298475E-05   1.278268      0.3395056       3.397671      0.9024155    
  8.9590940E-05   1.300834      0.3454992       3.295971      0.8754041    
  8.9883404E-05   1.322709      0.3513091       3.192519      0.8479274    
  9.0175861E-05   1.343880      0.3569323       3.087369      0.8199998    
  9.0468326E-05   1.364337      0.3623656       2.980578      0.7916362    
  9.0760790E-05   1.384069      0.3676063       2.872202      0.7628517    
  9.1053247E-05   1.403065      0.3726515       2.762299      0.7336617    
  9.1345712E-05   1.421314      0.3774986       2.650927      0.7040815    
  9.1638176E-05   1.438808      0.3821450       2.538146      0.6741270    
  9.1930640E-05   1.455537      0.3865882       2.424015      0.6438141    
  9.2223097E-05   1.471493      0.3908258       2.308595      0.6131589    
  9.2515562E-05   1.486665      0.3948557       2.191948      0.5821776    
  9.2808026E-05   1.501048      0.3986756       2.074136      0.5508869    
  9.3100483E-05   1.514632      0.4022835       1.955221      0.5193032    
  9.3392948E-05   1.527411      0.4056776       1.835266      0.4874434    
  9.3685412E-05   1.539378      0.4088560       1.714336      0.4553245    
  9.3977877E-05   1.550526      0.4118170       1.592493      0.4229634    
  9.4270334E-05   1.560850      0.4145590       1.469805      0.3903775    
  9.4562798E-05   1.570344      0.4170806       1.346334      0.3575841    
  9.4855262E-05   1.579003      0.4193805       1.222148      0.3246005    
  9.5147720E-05   1.586823      0.4214574       1.097313      0.2914443    
  9.5440184E-05   1.593799      0.4233102      0.9718933      0.2581331    
  9.5732648E-05   1.600116      0.4249879      0.9219300      0.2448630    
  9.6025105E-05   1.606255      0.4266185      0.8992034      0.2388268    
  9.6317570E-05   1.612241      0.4282084      0.8763909      0.2327679    
  9.6610034E-05   1.618073      0.4297573      0.8534946      0.2266867    
  9.6902499E-05   1.623750      0.4312651      0.8305168      0.2205838    
  9.7194956E-05   1.629272      0.4327317      0.8074595      0.2144598    
  9.7487420E-05   1.634638      0.4341570      0.7843251      0.2083154    
  9.7779885E-05   1.639848      0.4355407      0.7611157      0.2021510    
  9.8072342E-05   1.644901      0.4368829      0.7378336      0.1959673    
  9.8364806E-05   1.649797      0.4381832      0.7144810      0.1897649    
  9.8657270E-05   1.654536      0.4394417      0.6910601      0.1835443    
  9.8949735E-05   1.659116      0.4406582      0.6675731      0.1773062    
  9.9242192E-05   1.663538      0.4418326      0.6440223      0.1710512    
  9.9534656E-05   1.667800      0.4429648      0.6204100      0.1647798    
  9.9827121E-05   1.671903      0.4440546      0.5967383      0.1584927    
  1.0011958E-04   1.675847      0.4451020      0.5730097      0.1521904    
  1.0041204E-04   1.679630      0.4461068      0.5492263      0.1458735    
  1.0070451E-04   1.683253      0.4470690      0.5253903      0.1395427    
  1.0099697E-04   1.686715      0.4479885      0.5015042      0.1331986    
  1.0128943E-04   1.690015      0.4488651      0.4775701      0.1268418    
  1.0158189E-04   1.693155      0.4496989      0.4535904      0.1204728    
  1.0187436E-04   1.696132      0.4504896      0.4295673      0.1140923    
  1.0216681E-04   1.698947      0.4512374      0.4055032      0.1077009    
  1.0245928E-04   1.701600      0.4519419      0.3814003      0.1012992    
  1.0275174E-04   1.704090      0.4526033      0.3572610      9.4887882E-02
  1.0304420E-04   1.706417      0.4532214      0.3330875      8.8467449E-02
  1.0333666E-04   1.708582      0.4537962      0.3088822      8.2038559E-02
  1.0362913E-04   1.710582      0.4543277      0.2846473      7.5601831E-02
  1.0392159E-04   1.712420      0.4548157      0.2603853      6.9157876E-02
  1.0421405E-04   1.714094      0.4552602      0.2360984      6.2707305E-02
  1.0450651E-04   1.715604      0.4556613      0.2117889      5.6250747E-02
  1.0479898E-04   1.716949      0.4560187      0.1874591      4.9788810E-02
  1.0509144E-04   1.718131      0.4563327      0.1631115      4.3322116E-02
  1.0538390E-04   1.719149      0.4566029      0.1387482      3.6851279E-02
  1.0567636E-04   1.720002      0.4568295      0.1143717      3.0376922E-02
  1.0596883E-04   1.720691      0.4570125      8.9984268E-02  2.3899661E-02
  1.0626129E-04   1.721216      0.4571518      6.5588228E-02  1.7420117E-02
  1.0655375E-04   1.721576      0.4572474      4.1185919E-02  1.0938907E-02
  1.0684622E-04   1.721771      0.4572994      1.6779672E-02  4.4566514E-03
  1.0713867E-04   1.721802      0.4573075      7.6281810E-03  2.0260313E-03
  1.0743114E-04   1.721668      0.4572720      3.2035299E-02  8.5085183E-03
  1.0772360E-04   1.721370      0.4571928      5.6439359E-02  1.4990193E-02
  1.0801606E-04   1.720907      0.4570699      8.0838025E-02  2.1470435E-02
  1.0830852E-04   1.720280      0.4569033      0.1052290      2.7948625E-02
  1.0860099E-04   1.719488      0.4566930      0.1296098      3.4424145E-02
  1.0889345E-04   1.718532      0.4564391      0.1539783      4.0896371E-02
  1.0918591E-04   1.717412      0.4561416      0.1783321      4.7364693E-02
  1.0947837E-04   1.716127      0.4558004      0.2026688      5.3828485E-02
  1.0977084E-04   1.714679      0.4554157      0.2269862      6.0287133E-02
  1.1006329E-04   1.713067      0.4549875      0.2512819      6.6740021E-02
  1.1035576E-04   1.711291      0.4545158      0.2755535      7.3186524E-02
  1.1064822E-04   1.709351      0.4540006      0.2997988      7.9626039E-02
  1.1094069E-04   1.707248      0.4534420      0.3240155      8.6057939E-02
  1.1123314E-04   1.704982      0.4528401      0.3482012      9.2481613E-02
  1.1152561E-04   1.702553      0.4521950      0.3723536      9.8896451E-02
  1.1181807E-04   1.699961      0.4515066      0.3964704      0.1053018    
  1.1211053E-04   1.697206      0.4507750      0.4205493      0.1116972    
  1.1240300E-04   1.694290      0.4500004      0.4445881      0.1180818    
  1.1269546E-04   1.691211      0.4491827      0.4685843      0.1244552    
  1.1298792E-04   1.687971      0.4483222      0.4925358      0.1308166    
  1.1328038E-04   1.684570      0.4474187      0.5164402      0.1371656    
  1.1357285E-04   1.681007      0.4464726      0.5402952      0.1435014    
  1.1386531E-04   1.677284      0.4454837      0.5640985      0.1498236    
  1.1415777E-04   1.673401      0.4444523      0.5878480      0.1561314    
  1.1445023E-04   1.669357      0.4433784      0.6115413      0.1624243    
  1.1474270E-04   1.665154      0.4422621      0.6351761      0.1687016    
  1.1503515E-04   1.660792      0.4411035      0.6587502      0.1749629    
  1.1532762E-04   1.656272      0.4399028      0.6822614      0.1812074    
  1.1562008E-04   1.651592      0.4386600      0.7057074      0.1874346    
  1.1591255E-04   1.646755      0.4373753      0.7290859      0.1936439    
  1.1620500E-04   1.641761      0.4360488      0.7523947      0.1998347    
  1.1649747E-04   1.636610      0.4346807      0.7756316      0.2060064    
  1.1678993E-04   1.631302      0.4332710      0.7987944      0.2121584    
  1.1708239E-04   1.625839      0.4318198      0.8218808      0.2182901    
  1.1737485E-04   1.620220      0.4303274      0.8448887      0.2244009    
  1.1766732E-04   1.614446      0.4287939      0.8678158      0.2304903    
  1.1795978E-04   1.608518      0.4272194      0.8906600      0.2365577    
  1.1825224E-04   1.602436      0.4256040      0.9134190      0.2426025    
  1.1854470E-04   1.596201      0.4239480      0.9360908      0.2486241    
  1.1883717E-04   1.589813      0.4222515      0.9586731      0.2546219    
  1.1912963E-04   1.583273      0.4205146      0.9811637      0.2605954    
  1.1942209E-04   1.576582      0.4187375       1.003561      0.2665439    
  1.1971455E-04   1.569741      0.4169204       1.025862      0.2724670    
  1.2000701E-04   1.562749      0.4150634       1.048064      0.2783641    
  1.2029948E-04   1.555608      0.4131668       1.070167      0.2842345    
  1.2059194E-04   1.548319      0.4112307       1.092168      0.2900778    
  1.2088440E-04   1.540881      0.4092553       1.114064      0.2958933    
  1.2117686E-04   1.533296      0.4072407       1.135853      0.3016806    
  1.2146933E-04   1.525520      0.4051753       1.193837      0.3170810    
  1.2176179E-04   1.517066      0.4029299       1.313813      0.3489465    
  1.2205425E-04   1.507805      0.4004703       1.433091      0.3806264    
  1.2234671E-04   1.497742      0.3977977       1.551607      0.4121040    
  1.2263918E-04   1.486884      0.3949137       1.669297      0.4433624    
  1.2293164E-04   1.475235      0.3918197       1.786101      0.4743851    
  1.2322410E-04   1.462801      0.3885173       1.901954      0.5051556    
  1.2351655E-04   1.449589      0.3850084       2.016796      0.5356575    
  1.2380902E-04   1.435607      0.3812948       2.130566      0.5658746    
  1.2410148E-04   1.420862      0.3773784       2.243203      0.5957909    
  1.2439395E-04   1.405361      0.3732615       2.354648      0.6253903    
  1.2468641E-04   1.389113      0.3689460       2.464840      0.6546572    
  1.2497888E-04   1.372127      0.3644344       2.573723      0.6835762    
  1.2527134E-04   1.354410      0.3597290       2.681236      0.7121316    
  1.2556379E-04   1.335974      0.3548324       2.787324      0.7403084    
  1.2585626E-04   1.316828      0.3497471       2.891930      0.7680916    
  1.2614872E-04   1.296981      0.3444758       2.994999      0.7954664    
  1.2644118E-04   1.276445      0.3390214       3.096475      0.8224183    
  1.2673365E-04   1.255230      0.3333867       3.196305      0.8489329    
  1.2702611E-04   1.233347      0.3275748       3.294435      0.8749961    
  1.2731858E-04   1.210809      0.3215888       3.390814      0.9005941    
  1.2761103E-04   1.187627      0.3154317       3.485390      0.9257134    
  1.2790349E-04   1.163814      0.3091069       3.578112      0.9503403    
  1.2819596E-04   1.139382      0.3026178       3.668933      0.9744620    
  1.2848842E-04   1.114344      0.2959678       3.757802      0.9980657    
  1.2878088E-04   1.088713      0.2891604       3.844674       1.021139    
  1.2907335E-04   1.062504      0.2821992       3.929502       1.043669    
  1.2936581E-04   1.035730      0.2750881       4.012240       1.065644    
  1.2965826E-04   1.008405      0.2678306       4.092844       1.087052    
  1.2995073E-04  0.9805443      0.2604308       4.171274       1.107883    
  1.3024319E-04  0.9521619      0.2528925       4.247485       1.128124    
  1.3053566E-04  0.9232733      0.2452198       4.321437       1.147766    
  1.3082812E-04  0.8938939      0.2374166       4.393093       1.166798    
  1.3112059E-04  0.8640391      0.2294873       4.462412       1.185209    
  1.3141305E-04  0.8337250      0.2214359       4.529359       1.202990    
  1.3170550E-04  0.8029675      0.2132668       4.593897       1.220131    
  1.3199796E-04  0.7717832      0.2049843       4.655993       1.236624    
  1.3229043E-04  0.7401885      0.1965928       4.715614       1.252459    
  1.3258289E-04  0.7083293      0.1881310       4.730575       1.256432    
  1.3287536E-04  0.6764008      0.1796509       4.740389       1.259039    
  1.3316782E-04  0.6444077      0.1711535       4.749751       1.261526    
  1.3346027E-04  0.6123530      0.1626399       4.758659       1.263891    
  1.3375274E-04  0.5802397      0.1541106       4.767112       1.266137    
  1.3404520E-04  0.5480710      0.1455667       4.775110       1.268261    
  1.3433766E-04  0.5158499      0.1370088       4.782650       1.270264    
  1.3463013E-04  0.4835795      0.1284378       4.789734       1.272145    
  1.3492259E-04  0.4512628      0.1198546       4.796360       1.273905    
  1.3521506E-04  0.4189031      0.1112599       4.802528       1.275543    
  1.3550751E-04  0.3865033      0.1026546       4.808237       1.277059    
  1.3579997E-04  0.3540666      9.4039455E-02   4.813486       1.278453    
  1.3609244E-04  0.3215960      8.5415326E-02   4.818275       1.279725    
  1.3638490E-04  0.2890947      7.6783039E-02   4.822604       1.280875    
  1.3667736E-04  0.2565657      6.8143405E-02   4.826471       1.281902    
  1.3696983E-04  0.2240123      5.9497267E-02   4.829878       1.282807    
  1.3726229E-04  0.1914374      5.0845440E-02   4.832822       1.283589    
  1.3755474E-04  0.1588442      4.2188752E-02   4.835305       1.284248    
  1.3784721E-04  0.1262359      3.3528030E-02   4.837326       1.284785    
  1.3813967E-04  9.3615480E-02  2.4864106E-02   4.838884       1.285199    
  1.3843214E-04  6.0986120E-02  1.6197804E-02   4.839980       1.285490    
  1.3872460E-04  2.8350927E-02  7.5299558E-03   4.840613       1.285658    
  1.3901707E-04  4.2869761E-03  1.1386132E-03   4.840784       1.285704    
  1.3930953E-04  3.6924466E-02  9.8070735E-03   4.840491       1.285626    
  1.3960198E-04  6.9558434E-02  1.8474596E-02   4.839737       1.285426    
  1.3989444E-04  0.1021857      2.7140353E-02   4.838520       1.285102    
  1.4018691E-04  0.1348033      3.5803515E-02   4.836840       1.284656    
  1.4047937E-04  0.1674080      4.4463258E-02   4.834698       1.284087    
  1.4077184E-04  0.1999966      5.3118747E-02   4.832093       1.283395    
  1.4106430E-04  0.2325662      6.1769161E-02   4.829028       1.282581    
  1.4135677E-04  0.2651135      7.0413671E-02   4.825500       1.281644    
  1.4164922E-04  0.2976355      7.9051457E-02   4.821511       1.280585    
  1.4194168E-04  0.3301290      8.7681681E-02   4.817062       1.279403    
  1.4223414E-04  0.3625910      9.6303523E-02   4.812152       1.278099    
  1.4252661E-04  0.3950183      0.1049162       4.806782       1.276673    
  1.4281907E-04  0.4274079      0.1135188       4.800952       1.275124    
  1.4311154E-04  0.4597566      0.1221105       4.794664       1.273454    
  1.4340400E-04  0.4920614      0.1306906       4.787918       1.271662    
  1.4369645E-04  0.5243191      0.1392582       4.780714       1.269749    
  1.4398892E-04  0.5565268      0.1478125       4.773053       1.267714    
  1.4428138E-04  0.5886812      0.1563527       4.764935       1.265558    
  1.4457385E-04  0.6207794      0.1648779       4.756363       1.263282    
  1.4486631E-04  0.6528183      0.1733874       4.747336       1.260884    
  1.4515877E-04  0.6847947      0.1818803       4.737855       1.258366    
  1.4545122E-04  0.7167057      0.1903558       4.727921       1.255728    
  1.4574369E-04  0.7485482      0.1988131       4.717535       1.252969    
  1.4603615E-04  0.7803192      0.2072514       4.706699       1.250091    
  1.4632862E-04  0.8120155      0.2156699       4.695413       1.247093    
  1.4662108E-04  0.8436343      0.2240678       4.683678       1.243976    
  1.4691355E-04  0.8751724      0.2324443       4.671495       1.240741    
  1.4720601E-04  0.9066269      0.2407985       4.658865       1.237386    
  1.4749846E-04  0.9379948      0.2491297       4.645791       1.233914    
  1.4779092E-04  0.9692730      0.2574372       4.632272       1.230323    
  1.4808339E-04   1.000458      0.2657200       4.618311       1.226615    
  1.4837585E-04   1.031548      0.2739774       4.603908       1.222790    
  1.4866832E-04   1.062540      0.2822087       4.589066       1.218848    
  1.4896078E-04   1.093430      0.2904129       4.573784       1.214789    
  1.4925325E-04   1.124215      0.2985895       4.558065       1.210614    
  1.4954570E-04   1.154893      0.3067374       4.541911       1.206324    
  1.4983816E-04   1.185460      0.3148561       4.525323       1.201918    
  1.5013063E-04   1.215914      0.3229447       4.508302       1.197397    
  1.5042309E-04   1.246252      0.3310024       4.490850       1.192762    
  1.5071555E-04   1.276471      0.3390284       4.472970       1.188013    
  1.5100802E-04   1.306568      0.3470221       4.454661       1.183150    
  1.5130048E-04   1.336540      0.3549826       4.435927       1.178174    
  1.5159293E-04   1.366384      0.3629091       4.416769       1.173086    
  1.5188540E-04   1.396097      0.3708010       4.397189       1.167885    
  1.5217786E-04   1.425678      0.3786575       4.377188       1.162573    
  1.5247033E-04   1.455122      0.3864777       4.356769       1.157150    
  1.5276279E-04   1.484426      0.3942610       4.335934       1.151616    
  1.5305525E-04   1.513589      0.4020066       4.314684       1.145972    
  1.5334772E-04   1.542608      0.4097138       4.293022       1.140219    
  1.5364017E-04   1.571478      0.4173819       4.270949       1.134356    
  1.5393263E-04   1.600199      0.4250100       4.248468       1.128386    
  1.5422510E-04   1.628767      0.4325975       4.225582       1.122307    
  1.5451756E-04   1.657179      0.4401437       4.202291       1.116121    
  1.5481003E-04   1.685432      0.4476479       4.178599       1.109828    
  1.5510249E-04   1.713525      0.4551092       4.154508       1.103430    
  1.5539496E-04   1.741454      0.4625270       4.130019       1.096926    
  1.5568740E-04   1.769216      0.4699006       4.105135       1.090317    
  1.5597987E-04   1.796809      0.4772294       4.079860       1.083604    
  1.5627233E-04   1.824231      0.4845124       4.054194       1.076787    
  1.5656480E-04   1.851478      0.4917493       4.028141       1.069867    
  1.5685726E-04   1.878548      0.4989390       4.001702       1.062845    
  1.5714973E-04   1.905439      0.5060812       3.974882       1.055722    
  1.5744218E-04   1.932147      0.5131749       3.947681       1.048497    
  1.5773464E-04   1.958671      0.5202196       3.920103       1.041173    
  1.5802711E-04   1.985008      0.5272145       3.892151       1.033748    
  1.5831957E-04   2.011030      0.5341260       3.794574       1.007832    
  1.5861203E-04   2.036077      0.5407786       3.634987      0.9654460    
  1.5890450E-04   2.060042      0.5471436       3.473467      0.9225467    
  1.5919696E-04   2.082912      0.5532178       3.310101      0.8791569    
  1.5948941E-04   2.104674      0.5589978       3.144975      0.8352997    
  1.5978188E-04   2.125317      0.5644805       2.978176      0.7909984    
  1.6007434E-04   2.144830      0.5696632       2.809795      0.7462765    
  1.6036681E-04   2.163203      0.5745429       2.639919      0.7011578    
  1.6065927E-04   2.180426      0.5791172       2.468640      0.6556663    
  1.6095173E-04   2.196489      0.5833836       2.296048      0.6098262    
  1.6124420E-04   2.211385      0.5873398       2.122235      0.5636619    
  1.6153665E-04   2.225104      0.5909837       1.947294      0.5171978    
  1.6182911E-04   2.237641      0.5943134       1.771318      0.4704589    
  1.6212158E-04   2.248988      0.5973271       1.594400      0.4234697    
  1.6241404E-04   2.259139      0.6000233       1.416634      0.3762554    
  1.6270651E-04   2.268089      0.6024004       1.238115      0.3288411    
  1.6299897E-04   2.275833      0.6044572       1.058937      0.2812519    
  1.6329144E-04   2.282367      0.6061926      0.8791971      0.2335132    
  1.6358389E-04   2.287688      0.6076058      0.6989893      0.1856503    
  1.6387635E-04   2.291792      0.6086959      0.5184098      0.1376887    
  1.6416881E-04   2.294677      0.6094623      0.3375548      8.9653946E-02
  1.6446128E-04   2.296343      0.6099047      0.1565202      4.1571490E-02
  1.6475374E-04   2.296788      0.6100228      2.4597559E-02  6.5330681E-03
  1.6504621E-04   2.296011      0.6098166      0.2057022      5.4634154E-02
  1.6533867E-04   2.294014      0.6092861      0.3866976      0.1027062    
  1.6563112E-04   2.290797      0.6084318      0.5674873      0.1507236    
  1.6592359E-04   2.286363      0.6072538      0.7479753      0.1986609    
  1.6621605E-04   2.280712      0.6057531      0.9280656      0.2464926    
  1.6650851E-04   2.273849      0.6039303       1.107662      0.2941932    
  1.6680098E-04   2.265777      0.6017864       1.286670      0.3417374    
  1.6709344E-04   2.256500      0.5993225       1.464994      0.3890999    
  1.6738591E-04   2.246024      0.5965399       1.642539      0.4362555    
  1.6767836E-04   2.234353      0.5934402       1.819211      0.4831792    
  1.6797082E-04   2.221494      0.5900250       1.994915      0.5298460    
  1.6826329E-04   2.207455      0.5862961       2.169559      0.5762310    
  1.6855575E-04   2.192241      0.5822554       2.343049      0.6223097    
  1.6884822E-04   2.175862      0.5779052       2.515293      0.6680575    
  1.6914068E-04   2.158329      0.5732483       2.676646      0.7109123    
  1.6943313E-04   2.140179      0.5684277       2.707113      0.7190045    
  1.6972559E-04   2.121825      0.5635529       2.737322      0.7270279    
  1.7001806E-04   2.103267      0.5586241       2.767269      0.7349818    
  1.7031052E-04   2.084509      0.5536420       2.796952      0.7428655    
  1.7060299E-04   2.065552      0.5486070       2.826367      0.7506782    
  1.7089545E-04   2.046397      0.5435195       2.855513      0.7584191    
  1.7118792E-04   2.027047      0.5383801       2.884385      0.7660875    
  1.7148037E-04   2.007503      0.5331892       2.912982      0.7736828    
  1.7177283E-04   1.987767      0.5279474       2.941300      0.7812040    
  1.7206529E-04   1.967841      0.5226551       2.969337      0.7886506    
  1.7235776E-04   1.947727      0.5173129       2.997090      0.7960219    
  1.7265022E-04   1.927427      0.5119212       3.024557      0.8033170    
  1.7294269E-04   1.906942      0.5064806       3.051735      0.8105354    
  1.7323515E-04   1.886276      0.5009915       3.078621      0.8176763    
  1.7352760E-04   1.865429      0.4954546       3.105213      0.8247390    
  1.7382007E-04   1.844404      0.4898704       3.131508      0.8317230    
  1.7411253E-04   1.823202      0.4842393       3.157504      0.8386274    
  1.7440500E-04   1.801826      0.4785619       3.183198      0.8454517    
  1.7469746E-04   1.780279      0.4728388       3.208588      0.8521951    
  1.7498992E-04   1.758560      0.4670705       3.233671      0.8588572    
  1.7528239E-04   1.736674      0.4612576       3.258445      0.8654372    
  1.7557484E-04   1.714622      0.4554006       3.282907      0.8719344    
  1.7586730E-04   1.692406      0.4495000       3.307056      0.8783482    
  1.7615977E-04   1.670028      0.4435565       3.330889      0.8846782    
  1.7645223E-04   1.647491      0.4375706       3.354403      0.8909236    
  1.7674470E-04   1.624796      0.4315429       3.377597      0.8970838    
  1.7703716E-04   1.601946      0.4254739       3.400468      0.9031582    
  1.7732962E-04   1.578942      0.4193643       3.423014      0.9091464    
  1.7762207E-04   1.555788      0.4132145       3.445233      0.9150477    
  1.7791454E-04   1.532485      0.4070253       3.467122      0.9208615    
  1.7820700E-04   1.509036      0.4007972       3.488680      0.9265873    
  1.7849947E-04   1.485442      0.3945308       3.509905      0.9322246    
  1.7879193E-04   1.461707      0.3882267       3.530794      0.9377727    
  1.7908440E-04   1.437831      0.3818854       3.551346      0.9432312    
  1.7937686E-04   1.413818      0.3755077       3.571558      0.9485996    
  1.7966931E-04   1.389671      0.3690941       3.591429      0.9538773    
  1.7996177E-04   1.365390      0.3626452       3.610957      0.9590638    
  1.8025424E-04   1.340979      0.3561616       3.630140      0.9641587    
  1.8054670E-04   1.316440      0.3496440       3.648975      0.9691613    
  1.8083917E-04   1.291774      0.3430930       3.667462      0.9740714    
  1.8113163E-04   1.266986      0.3365092       3.685598      0.9788884    
  1.8142408E-04   1.242076      0.3298932       3.703382      0.9836118    
  1.8171655E-04   1.217048      0.3232457       3.720813      0.9882413    
  1.8200901E-04   1.191903      0.3165673       3.737887      0.9927762    
  1.8230148E-04   1.166644      0.3098586       3.754604      0.9972163    
  1.8259394E-04   1.141274      0.3031203       3.770963       1.001561    
  1.8288640E-04   1.115795      0.2963531       3.786961       1.005810    
  1.8317887E-04   1.090209      0.2895575       3.802597       1.009963    
  1.8347132E-04   1.064519      0.2827343       3.817869       1.014019    
  1.8376378E-04   1.038727      0.2758840       3.832777       1.017979    
  1.8405625E-04   1.012836      0.2690074       3.847318       1.021841    
  1.8434871E-04  0.9868478      0.2621050       3.861492       1.025605    
  1.8464118E-04  0.9607656      0.2551776       3.875297       1.029272    
  1.8493364E-04  0.9345915      0.2482259       3.888731       1.032840    
  1.8522610E-04  0.9083281      0.2412503       3.901793       1.036309    
  1.8551855E-04  0.8819779      0.2342518       3.914483       1.039680    
  1.8581102E-04  0.8555434      0.2272308       3.926798       1.042951    
  1.8610348E-04  0.8290271      0.2201881       3.938739       1.046122    
  1.8639595E-04  0.8024316      0.2131244       3.950302       1.049193    
  1.8668841E-04  0.7757594      0.2060403       3.961488       1.052164    
  1.8698088E-04  0.7490131      0.1989365       3.972296       1.055035    
  1.8727334E-04  0.7221951      0.1918137       3.982724       1.057804    
  1.8756579E-04  0.6953081      0.1846726       3.992771       1.060473    
  1.8785826E-04  0.6683547      0.1775138       4.002437       1.063040    
  1.8815072E-04  0.6413374      0.1703381       4.011720       1.065506    
  1.8844318E-04  0.6142588      0.1631460       4.020619       1.067869    
  1.8873565E-04  0.5871215      0.1559384       4.029134       1.070131    
  1.8902811E-04  0.5599281      0.1487159       4.037265       1.072290    
  1.8932058E-04  0.5326811      0.1414792       4.045009       1.074347    
  1.8961303E-04  0.5053833      0.1342289       4.052367       1.076301    
  1.8990549E-04  0.4780371      0.1269658       4.059337       1.078153    
  1.9019796E-04  0.4506453      0.1196906       4.065919       1.079901    
  1.9049042E-04  0.4232104      0.1124039       4.072114       1.081546    
  1.9078288E-04  0.3957350      0.1051065       4.077918       1.083088    
  1.9107535E-04  0.3682218      9.7799055E-02   4.083333       1.084526    
  1.9136780E-04  0.3406734      9.0482257E-02   4.088357       1.085860    
  1.9166026E-04  0.3130925      8.3156802E-02   4.092991       1.087091    
  1.9195273E-04  0.2854816      7.5823404E-02   4.097234       1.088218    
  1.9224519E-04  0.2578434      6.8482764E-02   4.101085       1.089241    
  1.9253766E-04  0.2301806      6.1135571E-02   4.104544       1.090160    
  1.9283012E-04  0.2024958      5.3782538E-02   4.107611       1.090974    
  1.9312259E-04  0.1747917      4.6424363E-02   4.110285       1.091684    
  1.9341504E-04  0.1470708      3.9061751E-02   4.112566       1.092290    
  1.9370750E-04  0.1193359      3.1695407E-02   4.114455       1.092792    
  1.9399996E-04  9.1589592E-02  2.4326034E-02   4.115950       1.093189    
  1.9429243E-04  6.3834518E-02  1.6954336E-02   4.117052       1.093482    
  1.9458489E-04  3.6073346E-02  9.5810164E-03   4.117760       1.093670    
  1.9487736E-04  8.3087217E-03  2.2067816E-03   4.118074       1.093753    
  1.9516982E-04            NaN            NaN            NaN            NaN
  1.9546227E-04            NaN            NaN            NaN            NaN
  1.9575474E-04            NaN            NaN            NaN            NaN
  1.9604720E-04            NaN            NaN            NaN            NaN
  1.9633966E-04            NaN            NaN            NaN            NaN
  1.9663213E-04            NaN            NaN            NaN            NaN
  1.9692459E-04            NaN            NaN            NaN            NaN
  1.9721706E-04            NaN            NaN            NaN            NaN
  1.9750951E-04            NaN            NaN            NaN            NaN
  1.9780197E-04            NaN            NaN            NaN            NaN
  1.9809444E-04            NaN            NaN            NaN            NaN
  1.9838690E-04            NaN            NaN            NaN            NaN
  1.9867936E-04            NaN            NaN            NaN            NaN
  1.9897183E-04            NaN            NaN            NaN            NaN
  1.9926429E-04            NaN            NaN            NaN            NaN
  1.9955674E-04            NaN            NaN            NaN            NaN
  1.9984921E-04            NaN            NaN            NaN            NaN
  2.0014167E-04            NaN            NaN            NaN            NaN
  2.0043414E-04            NaN            NaN            NaN            NaN
  2.0072660E-04            NaN            NaN            NaN            NaN
  2.0101907E-04            NaN            NaN            NaN            NaN
  2.0131153E-04            NaN            NaN            NaN            NaN
  2.0160398E-04            NaN            NaN            NaN            NaN
  2.0189644E-04            NaN            NaN            NaN            NaN
  2.0218891E-04            NaN            NaN            NaN            NaN
  2.0248137E-04            NaN            NaN            NaN            NaN
  2.0277384E-04            NaN            NaN            NaN            NaN
  2.0306630E-04            NaN            NaN            NaN            NaN
  2.0335875E-04            NaN            NaN            NaN            NaN
  2.0365122E-04            NaN            NaN            NaN            NaN
  2.0394368E-04            NaN            NaN            NaN            NaN
  2.0423614E-04            NaN            NaN            NaN            NaN
  2.0452861E-04            NaN            NaN            NaN            NaN
  2.0482107E-04            NaN            NaN            NaN            NaN
  2.0511354E-04            NaN            NaN            NaN            NaN
  2.0540599E-04            NaN            NaN            NaN            NaN
  2.0569845E-04            NaN            NaN            NaN            NaN
  2.0599092E-04            NaN            NaN            NaN            NaN
  2.0628338E-04            NaN            NaN            NaN            NaN
  2.0657585E-04            NaN            NaN            NaN            NaN
  2.0686831E-04            NaN            NaN            NaN            NaN
  2.0716077E-04            NaN            NaN            NaN            NaN
  2.0745322E-04            NaN            NaN            NaN            NaN
  2.0774569E-04            NaN            NaN            NaN            NaN
  2.0803815E-04            NaN            NaN            NaN            NaN
  2.0833062E-04            NaN            NaN            NaN            NaN
  2.0862308E-04            NaN            NaN            NaN            NaN
  2.0891555E-04            NaN            NaN            NaN            NaN
  2.0920801E-04            NaN            NaN            NaN            NaN
  2.0950046E-04            NaN            NaN            NaN            NaN
  2.0979292E-04            NaN            NaN            NaN            NaN
  2.1008539E-04            NaN            NaN            NaN            NaN
  2.1037785E-04            NaN            NaN            NaN            NaN
  2.1067032E-04            NaN            NaN            NaN            NaN
  2.1096278E-04            NaN            NaN            NaN            NaN
  2.1125525E-04            NaN            NaN            NaN            NaN
  2.1154770E-04            NaN            NaN            NaN            NaN
  2.1184016E-04            NaN            NaN            NaN            NaN
  2.1213263E-04            NaN            NaN            NaN            NaN
  2.1242509E-04            NaN            NaN            NaN            NaN
  2.1271755E-04            NaN            NaN            NaN            NaN
  2.1301002E-04            NaN            NaN            NaN            NaN
  2.1330248E-04            NaN            NaN            NaN            NaN
  2.1359493E-04            NaN            NaN            NaN            NaN
  2.1388740E-04            NaN            NaN            NaN            NaN
  2.1417986E-04            NaN            NaN            NaN            NaN
  2.1447233E-04            NaN            NaN            NaN            NaN
  2.1476479E-04            NaN            NaN            NaN            NaN
  2.1505725E-04            NaN            NaN            NaN            NaN
  2.1534970E-04            NaN            NaN            NaN            NaN
  2.1564217E-04            NaN            NaN            NaN            NaN
  2.1593463E-04            NaN            NaN            NaN            NaN
  2.1622710E-04            NaN            NaN            NaN            NaN
  2.1651956E-04            NaN            NaN            NaN            NaN
  2.1681203E-04            NaN            NaN            NaN            NaN
  2.1710449E-04            NaN            NaN            NaN            NaN
  2.1739694E-04            NaN            NaN            NaN            NaN
  2.1768940E-04            NaN            NaN            NaN            NaN
  2.1798187E-04            NaN            NaN            NaN            NaN
  2.1827433E-04            NaN            NaN            NaN            NaN
  2.1856680E-04            NaN            NaN            NaN            NaN
  2.1885926E-04            NaN            NaN            NaN            NaN
  2.1915173E-04            NaN            NaN            NaN            NaN
  2.1944418E-04            NaN            NaN            NaN            NaN
  2.1973664E-04            NaN            NaN            NaN            NaN
  2.2002911E-04            NaN            NaN            NaN            NaN
  2.2032157E-04            NaN            NaN            NaN            NaN
  2.2061403E-04            NaN            NaN            NaN            NaN
  2.2090650E-04            NaN            NaN            NaN            NaN
  2.2119896E-04            NaN            NaN            NaN            NaN
  2.2149141E-04            NaN            NaN            NaN            NaN
  2.2178388E-04            NaN            NaN            NaN            NaN
  2.2207634E-04            NaN            NaN            NaN            NaN
  2.2236881E-04            NaN            NaN            NaN            NaN
  2.2266127E-04            NaN            NaN            NaN            NaN
  2.2295373E-04            NaN            NaN            NaN            NaN
  2.2324620E-04            NaN            NaN            NaN            NaN
  2.2353865E-04            NaN            NaN            NaN            NaN
  2.2383111E-04            NaN            NaN            NaN            NaN
  2.2412358E-04            NaN            NaN            NaN            NaN
  2.2441604E-04            NaN            NaN            NaN            NaN
  2.2470851E-04            NaN            NaN            NaN            NaN
  2.2500097E-04            NaN            NaN            NaN            NaN
  2.2529344E-04            NaN            NaN            NaN            NaN
  2.2558589E-04            NaN            NaN            NaN            NaN
  2.2587835E-04            NaN            NaN            NaN            NaN
  2.2617081E-04            NaN            NaN            NaN            NaN
  2.2646328E-04            NaN            NaN            NaN            NaN
  2.2675574E-04            NaN            NaN            NaN            NaN
  2.2704821E-04            NaN            NaN            NaN            NaN
  2.2734066E-04            NaN            NaN            NaN            NaN
  2.2763312E-04            NaN            NaN            NaN            NaN
  2.2792559E-04            NaN            NaN            NaN            NaN
  2.2821805E-04            NaN            NaN            NaN            NaN
  2.2851051E-04            NaN            NaN            NaN            NaN
  2.2880298E-04            NaN            NaN            NaN            NaN
  2.2909544E-04            NaN            NaN            NaN            NaN
  2.2938789E-04            NaN            NaN            NaN            NaN
  2.2968036E-04            NaN            NaN            NaN            NaN
  2.2997282E-04            NaN            NaN            NaN            NaN
  2.3026529E-04            NaN            NaN            NaN            NaN
  2.3055775E-04            NaN            NaN            NaN            NaN
  2.3085022E-04            NaN            NaN            NaN            NaN
  2.3114268E-04            NaN            NaN            NaN            NaN
  2.3143513E-04            NaN            NaN            NaN            NaN
  2.3172759E-04            NaN            NaN            NaN            NaN
  2.3202006E-04            NaN            NaN            NaN            NaN
  2.3231252E-04            NaN            NaN            NaN            NaN
  2.3260499E-04            NaN            NaN            NaN            NaN
  2.3289745E-04            NaN            NaN            NaN            NaN
  2.3318992E-04            NaN            NaN            NaN            NaN
  2.3348237E-04            NaN            NaN            NaN            NaN
  2.3377483E-04            NaN            NaN            NaN            NaN
  2.3406729E-04            NaN            NaN            NaN            NaN
  2.3435976E-04            NaN            NaN            NaN            NaN
  2.3465222E-04            NaN            NaN            NaN            NaN
  2.3494469E-04            NaN            NaN            NaN            NaN
  2.3523715E-04            NaN            NaN            NaN            NaN
  2.3552960E-04            NaN            NaN            NaN            NaN
  2.3582207E-04            NaN            NaN            NaN            NaN
  2.3611453E-04            NaN            NaN            NaN            NaN
  2.3640700E-04            NaN            NaN            NaN            NaN
  2.3669946E-04            NaN            NaN            NaN            NaN
  2.3699192E-04            NaN            NaN            NaN            NaN
  2.3728439E-04            NaN            NaN            NaN            NaN
  2.3757684E-04            NaN            NaN            NaN            NaN
  2.3786930E-04            NaN            NaN            NaN            NaN
  2.3816177E-04            NaN            NaN            NaN            NaN
  2.3845423E-04            NaN            NaN            NaN            NaN
  2.3874670E-04            NaN            NaN            NaN            NaN
  2.3903916E-04            NaN            NaN            NaN            NaN
  2.3933161E-04            NaN            NaN            NaN            NaN
  2.3962407E-04            NaN            NaN            NaN            NaN
  2.3991654E-04            NaN            NaN            NaN            NaN
  2.4020900E-04            NaN            NaN            NaN            NaN
  2.4050147E-04            NaN            NaN            NaN            NaN
  2.4079393E-04            NaN            NaN            NaN            NaN
  2.4108640E-04            NaN            NaN            NaN            NaN
  2.4137885E-04            NaN            NaN            NaN            NaN
  2.4167131E-04            NaN            NaN            NaN            NaN
  2.4196377E-04            NaN            NaN            NaN            NaN
  2.4225624E-04            NaN            NaN            NaN            NaN
  2.4254870E-04            NaN            NaN            NaN            NaN
  2.4284117E-04            NaN            NaN            NaN            NaN
  2.4313363E-04            NaN            NaN            NaN            NaN
  2.4342608E-04            NaN            NaN            NaN            NaN
  2.4371855E-04            NaN            NaN            NaN            NaN
